0 0
0.01 0.192682
0.02 0.370715
0.03 0.523589
0.04 0.646817
0.05 0.741182
0.06 0.810648
0.07 0.860312
0.08 0.895082
0.09 0.91907
0.1 0.935451
0.11 0.946561
0.12 0.954059
0.13 0.959104
0.14 0.962491
0.15 0.964762
0.16 0.966283
0.17 0.967301
0.18 0.967982
0.19 0.968438
0.2 0.968742
0.21 0.968946
0.22 0.969082
0.23 0.969173
0.24 0.969234
0.25 0.969275
0.26 0.969302
0.27 0.96932
0.28 0.969332
0.29 0.96934
0.3 0.969346
0.31 0.969349
0.32 0.969352
0.33 0.969353
0.34 0.969354
0.35 0.969355
0.36 0.969356
0.37 0.969356
0.38 0.969356
0.39 0.969356
0.4 0.969356
0.41 0.969356
0.42 0.969357
0.43 0.969357
0.44 0.969357
0.45 0.969357
0.46 0.969357
0.47 0.969357
0.48 0.969357
0.49 0.969357
0.5 0.969357
0.51 0.969357
0.52 0.969357
0.53 0.969357
0.54 0.969357
0.55 0.969357
0.56 0.969357
0.57 0.969357
0.58 0.969357
0.59 0.969357
0.6 0.969357
0.61 0.969357
0.62 0.969357
0.63 0.969357
0.64 0.969357
0.65 0.969357
0.66 0.969357
0.67 0.969357
0.68 0.969357
0.69 0.969357
0.7 0.969357
0.71 0.969357
0.72 0.969357
0.73 0.969357
0.74 0.969357
0.75 0.969357
0.76 0.969357
0.77 0.969357
0.78 0.969357
0.79 0.969357
0.8 0.969357
0.81 0.969357
0.82 0.969357
0.83 0.969357
0.84 0.969357
0.85 0.969357
0.86 0.969357
0.87 0.969357
0.88 0.969357
0.89 0.969357
0.9 0.969357
0.91 0.969357
0.92 0.969357
0.93 0.969357
0.94 0.969357
0.95 0.969357
0.96 0.969357
0.97 0.969357
0.98 0.969357
0.99 0.969357
1 0.969357
1.01 0.969357
1.02 0.969357
1.03 0.969357
1.04 0.969357
1.05 0.969357
1.06 0.969357
1.07 0.969357
1.08 0.969357
1.09 0.969357
1.1 0.969357
1.11 0.969357
1.12 0.969357
1.13 0.969357
1.14 0.969357
1.15 0.969357
1.16 0.969357
1.17 0.969357
1.18 0.969357
1.19 0.969357
1.2 0.969357
1.21 0.969357
1.22 0.969357
1.23 0.969357
1.24 0.969357
1.25 0.969357
1.26 0.969357
1.27 0.969357
1.28 0.969357
1.29 0.969357
1.3 0.969357
1.31 0.969357
1.32 0.969357
1.33 0.969357
1.34 0.969357
1.35 0.969357
1.36 0.969357
1.37 0.969357
1.38 0.969357
1.39 0.969357
1.4 0.969357
1.41 0.969357
1.42 0.969357
1.43 0.969357
1.44 0.969357
1.45 0.969357
1.46 0.969357
1.47 0.969357
1.48 0.969357
1.49 0.969357
1.5 0.969357
1.51 0.969357
1.52 0.969357
1.53 0.969357
1.54 0.969357
1.55 0.969357
1.56 0.969357
1.57 0.969357
1.58 0.969357
1.59 0.969357
1.6 0.969357
1.61 0.969357
1.62 0.969357
1.63 0.969357
1.64 0.969357
1.65 0.969357
1.66 0.969357
1.67 0.969357
1.68 0.969357
1.69 0.969357
1.7 0.969357
1.71 0.969357
1.72 0.969357
1.73 0.969357
1.74 0.969357
1.75 0.969357
1.76 0.969357
1.77 0.969357
1.78 0.969357
1.79 0.969357
1.8 0.969357
1.81 0.969357
1.82 0.969357
1.83 0.969357
1.84 0.969357
1.85 0.969357
1.86 0.969357
1.87 0.969357
1.88 0.969357
1.89 0.969357
1.9 0.969357
1.91 0.969357
1.92 0.969357
1.93 0.969357
1.94 0.969357
1.95 0.969357
1.96 0.969357
1.97 0.969357
1.98 0.969357
1.99 0.969357
2 0.969357
2.01 0.969357
2.02 0.969357
2.03 0.969357
2.04 0.969357
2.05 0.969357
2.06 0.969357
2.07 0.969357
2.08 0.969357
2.09 0.969357
2.1 0.969357
2.11 0.969357
2.12 0.969357
2.13 0.969357
2.14 0.969357
2.15 0.969357
2.16 0.969357
2.17 0.969357
2.18 0.969357
2.19 0.969357
2.2 0.969357
2.21 0.969357
2.22 0.969357
2.23 0.969357
2.24 0.969357
2.25 0.969357
2.26 0.969357
2.27 0.969357
2.28 0.969357
2.29 0.969357
2.3 0.969357
2.31 0.969357
2.32 0.969357
2.33 0.969357
2.34 0.969357
2.35 0.969357
2.36 0.969357
2.37 0.969357
2.38 0.969357
2.39 0.969357
2.4 0.969357
2.41 0.969357
2.42 0.969357
2.43 0.969357
2.44 0.969357
2.45 0.969357
2.46 0.969357
2.47 0.969357
2.48 0.969357
2.49 0.969357
2.5 0.969357
2.51 0.969357
2.52 0.969357
2.53 0.969357
2.54 0.969357
2.55 0.969357
2.56 0.969357
2.57 0.969357
2.58 0.969357
2.59 0.969357
2.6 0.969357
2.61 0.969357
2.62 0.969357
2.63 0.969357
2.64 0.969357
2.65 0.969357
2.66 0.969357
2.67 0.969357
2.68 0.969357
2.69 0.969357
2.7 0.969357
2.71 0.969357
2.72 0.969357
2.73 0.969357
2.74 0.969357
2.75 0.969357
2.76 0.969357
2.77 0.969357
2.78 0.969357
2.79 0.969357
2.8 0.969357
2.81 0.969357
2.82 0.969357
2.83 0.969357
2.84 0.969357
2.85 0.969357
2.86 0.969357
2.87 0.969357
2.88 0.969357
2.89 0.969357
2.9 0.969357
2.91 0.969357
2.92 0.969357
2.93 0.969357
2.94 0.969357
2.95 0.969357
2.96 0.969357
2.97 0.969357
2.98 0.969357
2.99 0.969357
3 0.969357
3.01 0.969357
3.02 0.969357
3.03 0.969357
3.04 0.969357
3.05 0.969357
3.06 0.969357
3.07 0.969357
3.08 0.969357
3.09 0.969357
3.1 0.969357
3.11 0.969357
3.12 0.969357
3.13 0.969357
3.14 0.969357
3.15 0.969357
3.16 0.969357
3.17 0.969357
3.18 0.969357
3.19 0.969357
3.2 0.969357
3.21 0.969357
3.22 0.969357
3.23 0.969357
3.24 0.969357
3.25 0.969357
3.26 0.969357
3.27 0.969357
3.28 0.969357
3.29 0.969357
3.3 0.969357
3.31 0.969357
3.32 0.969357
3.33 0.969357
3.34 0.969357
3.35 0.969357
3.36 0.969357
3.37 0.969357
3.38 0.969357
3.39 0.969357
3.4 0.969357
3.41 0.969357
3.42 0.969357
3.43 0.969357
3.44 0.969357
3.45 0.969357
3.46 0.969357
3.47 0.969357
3.48 0.969357
3.49 0.969357
3.5 0.969357
3.51 0.969357
3.52 0.969357
3.53 0.969357
3.54 0.969357
3.55 0.969357
3.56 0.969357
3.57 0.969357
3.58 0.969357
3.59 0.969357
3.6 0.969357
3.61 0.969357
3.62 0.969357
3.63 0.969357
3.64 0.969357
3.65 0.969357
3.66 0.969357
3.67 0.969357
3.68 0.969357
3.69 0.969357
3.7 0.969357
3.71 0.969357
3.72 0.969357
3.73 0.969357
3.74 0.969357
3.75 0.969357
3.76 0.969357
3.77 0.969357
3.78 0.969357
3.79 0.969357
3.8 0.969357
3.81 0.969357
3.82 0.969357
3.83 0.969357
3.84 0.969357
3.85 0.969357
3.86 0.969357
3.87 0.969357
3.88 0.969357
3.89 0.969357
3.9 0.969357
3.91 0.969357
3.92 0.969357
3.93 0.969357
3.94 0.969357
3.95 0.969357
3.96 0.969357
3.97 0.969357
3.98 0.969357
3.99 0.969357
4 0.969357
4.01 0.969357
4.02 0.969357
4.03 0.969357
4.04 0.969357
4.05 0.969357
4.06 0.969357
4.07 0.969357
4.08 0.969357
4.09 0.969357
4.1 0.969357
4.11 0.969357
4.12 0.969357
4.13 0.969357
4.14 0.969357
4.15 0.969357
4.16 0.969357
4.17 0.969357
4.18 0.969357
4.19 0.969357
4.2 0.969357
4.21 0.969357
4.22 0.969357
4.23 0.969357
4.24 0.969357
4.25 0.969357
4.26 0.969357
4.27 0.969357
4.28 0.969357
4.29 0.969357
4.3 0.969357
4.31 0.969357
4.32 0.969357
4.33 0.969357
4.34 0.969357
4.35 0.969357
4.36 0.969357
4.37 0.969357
4.38 0.969357
4.39 0.969357
4.4 0.969357
4.41 0.969357
4.42 0.969357
4.43 0.969357
4.44 0.969357
4.45 0.969357
4.46 0.969357
4.47 0.969357
4.48 0.969357
4.49 0.969357
4.5 0.969357
4.51 0.969357
4.52 0.969357
4.53 0.969357
4.54 0.969357
4.55 0.969357
4.56 0.969357
4.57 0.969357
4.58 0.969357
4.59 0.969357
4.6 0.969357
4.61 0.969357
4.62 0.969357
4.63 0.969357
4.64 0.969357
4.65 0.969357
4.66 0.969357
4.67 0.969357
4.68 0.969357
4.69 0.969357
4.7 0.969357
4.71 0.969357
4.72 0.969357
4.73 0.969357
4.74 0.969357
4.75 0.969357
4.76 0.969357
4.77 0.969357
4.78 0.969357
4.79 0.969357
4.8 0.969357
4.81 0.969357
4.82 0.969357
4.83 0.969357
4.84 0.969357
4.85 0.969357
4.86 0.969357
4.87 0.969357
4.88 0.969357
4.89 0.969357
4.9 0.969357
4.91 0.969357
4.92 0.969357
4.93 0.969357
4.94 0.969357
4.95 0.969357
4.96 0.969357
4.97 0.969357
4.98 0.969357
4.99 0.969357
5 0.969357
5.01 0.969357
5.02 0.969357
5.03 0.969357
5.04 0.969357
5.05 0.969357
5.06 0.969357
5.07 0.969357
5.08 0.969357
5.09 0.969357
5.1 0.969357
5.11 0.969357
5.12 0.969357
5.13 0.969357
5.14 0.969357
5.15 0.969357
5.16 0.969357
5.17 0.969357
5.18 0.969357
5.19 0.969357
5.2 0.969357
5.21 0.969357
5.22 0.969357
5.23 0.969357
5.24 0.969357
5.25 0.969357
5.26 0.969357
5.27 0.969357
5.28 0.969357
5.29 0.969357
5.3 0.969357
5.31 0.969357
5.32 0.969357
5.33 0.969357
5.34 0.969357
5.35 0.969357
5.36 0.969357
5.37 0.969357
5.38 0.969357
5.39 0.969357
5.4 0.969357
5.41 0.969357
5.42 0.969357
5.43 0.969357
5.44 0.969357
5.45 0.969357
5.46 0.969357
5.47 0.969357
5.48 0.969357
5.49 0.969357
5.5 0.969357
5.51 0.969357
5.52 0.969357
5.53 0.969357
5.54 0.969357
5.55 0.969357
5.56 0.969357
5.57 0.969357
5.58 0.969357
5.59 0.969357
5.6 0.969357
5.61 0.969357
5.62 0.969357
5.63 0.969357
5.64 0.969357
5.65 0.969357
5.66 0.969357
5.67 0.969357
5.68 0.969357
5.69 0.969357
5.7 0.969357
5.71 0.969357
5.72 0.969357
5.73 0.969357
5.74 0.969357
5.75 0.969357
5.76 0.969357
5.77 0.969357
5.78 0.969357
5.79 0.969357
5.8 0.969357
5.81 0.969357
5.82 0.969357
5.83 0.969357
5.84 0.969357
5.85 0.969357
5.86 0.969357
5.87 0.969357
5.88 0.969357
5.89 0.969357
5.9 0.969357
5.91 0.969357
5.92 0.969357
5.93 0.969357
5.94 0.969357
5.95 0.969357
5.96 0.969357
5.97 0.969357
5.98 0.969357
5.99 0.969357
6 0.969357
6.01 0.969357
6.02 0.969357
6.03 0.969357
6.04 0.969357
6.05 0.969357
6.06 0.969357
6.07 0.969357
6.08 0.969357
6.09 0.969357
6.1 0.969357
6.11 0.969357
6.12 0.969357
6.13 0.969357
6.14 0.969357
6.15 0.969357
6.16 0.969357
6.17 0.969357
6.18 0.969357
6.19 0.969357
6.2 0.969357
6.21 0.969357
6.22 0.969357
6.23 0.969357
6.24 0.969357
6.25 0.969357
6.26 0.969357
6.27 0.969357
6.28 0.969357
6.29 0.969357
6.3 0.969357
6.31 0.969357
6.32 0.969357
6.33 0.969357
6.34 0.969357
6.35 0.969357
6.36 0.969357
6.37 0.969357
6.38 0.969357
6.39 0.969357
6.4 0.969357
6.41 0.969357
6.42 0.969357
6.43 0.969357
6.44 0.969357
6.45 0.969357
6.46 0.969357
6.47 0.969357
6.48 0.969357
6.49 0.969357
6.5 0.969357
6.51 0.969357
6.52 0.969357
6.53 0.969357
6.54 0.969357
6.55 0.969357
6.56 0.969357
6.57 0.969357
6.58 0.969357
6.59 0.969357
6.6 0.969357
6.61 0.969357
6.62 0.969357
6.63 0.969357
6.64 0.969357
6.65 0.969357
6.66 0.969357
6.67 0.969357
6.68 0.969357
6.69 0.969357
6.7 0.969357
6.71 0.969357
6.72 0.969357
6.73 0.969357
6.74 0.969357
6.75 0.969357
6.76 0.969357
6.77 0.969357
6.78 0.969357
6.79 0.969357
6.8 0.969357
6.81 0.969357
6.82 0.969357
6.83 0.969357
6.84 0.969357
6.85 0.969357
6.86 0.969357
6.87 0.969357
6.88 0.969357
6.89 0.969357
6.9 0.969357
6.91 0.969357
6.92 0.969357
6.93 0.969357
6.94 0.969357
6.95 0.969357
6.96 0.969357
6.97 0.969357
6.98 0.969357
6.99 0.969357
7 0.969357
7.01 0.969357
7.02 0.969357
7.03 0.969357
7.04 0.969357
7.05 0.969357
7.06 0.969357
7.07 0.969357
7.08 0.969357
7.09 0.969357
7.1 0.969357
7.11 0.969357
7.12 0.969357
7.13 0.969357
7.14 0.969357
7.15 0.969357
7.16 0.969357
7.17 0.969357
7.18 0.969357
7.19 0.969357
7.2 0.969357
7.21 0.969357
7.22 0.969357
7.23 0.969357
7.24 0.969357
7.25 0.969357
7.26 0.969357
7.27 0.969357
7.28 0.969357
7.29 0.969357
7.3 0.969357
7.31 0.969357
7.32 0.969357
7.33 0.969357
7.34 0.969357
7.35 0.969357
7.36 0.969357
7.37 0.969357
7.38 0.969357
7.39 0.969357
7.4 0.969357
7.41 0.969357
7.42 0.969357
7.43 0.969357
7.44 0.969357
7.45 0.969357
7.46 0.969357
7.47 0.969357
7.48 0.969357
7.49 0.969357
7.5 0.969357
7.51 0.969357
7.52 0.969357
7.53 0.969357
7.54 0.969357
7.55 0.969357
7.56 0.969357
7.57 0.969357
7.58 0.969357
7.59 0.969357
7.6 0.969357
7.61 0.969357
7.62 0.969357
7.63 0.969357
7.64 0.969357
7.65 0.969357
7.66 0.969357
7.67 0.969357
7.68 0.969357
7.69 0.969357
7.7 0.969357
7.71 0.969357
7.72 0.969357
7.73 0.969357
7.74 0.969357
7.75 0.969357
7.76 0.969357
7.77 0.969357
7.78 0.969357
7.79 0.969357
7.8 0.969357
7.81 0.969357
7.82 0.969357
7.83 0.969357
7.84 0.969357
7.85 0.969357
7.86 0.969357
7.87 0.969357
7.88 0.969357
7.89 0.969357
7.9 0.969357
7.91 0.969357
7.92 0.969357
7.93 0.969357
7.94 0.969357
7.95 0.969357
7.96 0.969357
7.97 0.969357
7.98 0.969357
7.99 0.969357
8 0.969357
8.01 0.969357
8.02 0.969357
8.03 0.969357
8.04 0.969357
8.05 0.969357
8.06 0.969357
8.07 0.969357
8.08 0.969357
8.09 0.969357
8.1 0.969357
8.11 0.969357
8.12 0.969357
8.13 0.969357
8.14 0.969357
8.15 0.969357
8.16 0.969357
8.17 0.969357
8.18 0.969357
8.19 0.969357
8.2 0.969357
8.21 0.969357
8.22 0.969357
8.23 0.969357
8.24 0.969357
8.25 0.969357
8.26 0.969357
8.27 0.969357
8.28 0.969357
8.29 0.969357
8.3 0.969357
8.31 0.969357
8.32 0.969357
8.33 0.969357
8.34 0.969357
8.35 0.969357
8.36 0.969357
8.37 0.969357
8.38 0.969357
8.39 0.969357
8.4 0.969357
8.41 0.969357
8.42 0.969357
8.43 0.969357
8.44 0.969357
8.45 0.969357
8.46 0.969357
8.47 0.969357
8.48 0.969357
8.49 0.969357
8.5 0.969357
8.51 0.969357
8.52 0.969357
8.53 0.969357
8.54 0.969357
8.55 0.969357
8.56 0.969357
8.57 0.969357
8.58 0.969357
8.59 0.969357
8.6 0.969357
8.61 0.969357
8.62 0.969357
8.63 0.969357
8.64 0.969357
8.65 0.969357
8.66 0.969357
8.67 0.969357
8.68 0.969357
8.69 0.969357
8.7 0.969357
8.71 0.969357
8.72 0.969357
8.73 0.969357
8.74 0.969357
8.75 0.969357
8.76 0.969357
8.77 0.969357
8.78 0.969357
8.79 0.969357
8.8 0.969357
8.81 0.969357
8.82 0.969357
8.83 0.969357
8.84 0.969357
8.85 0.969357
8.86 0.969357
8.87 0.969357
8.88 0.969357
8.89 0.969357
8.9 0.969357
8.91 0.969357
8.92 0.969357
8.93 0.969357
8.94 0.969357
8.95 0.969357
8.96 0.969357
8.97 0.969357
8.98 0.969357
8.99 0.969357
9 0.969357
9.01 0.969357
9.02 0.969357
9.03 0.969357
9.04 0.969357
9.05 0.969357
9.06 0.969357
9.07 0.969357
9.08 0.969357
9.09 0.969357
9.1 0.969357
9.11 0.969357
9.12 0.969357
9.13 0.969357
9.14 0.969357
9.15 0.969357
9.16 0.969357
9.17 0.969357
9.18 0.969357
9.19 0.969357
9.2 0.969357
9.21 0.969357
9.22 0.969357
9.23 0.969357
9.24 0.969357
9.25 0.969357
9.26 0.969357
9.27 0.969357
9.28 0.969357
9.29 0.969357
9.3 0.969357
9.31 0.969357
9.32 0.969357
9.33 0.969357
9.34 0.969357
9.35 0.969357
9.36 0.969357
9.37 0.969357
9.38 0.969357
9.39 0.969357
9.4 0.969357
9.41 0.969357
9.42 0.969357
9.43 0.969357
9.44 0.969357
9.45 0.969357
9.46 0.969357
9.47 0.969357
9.48 0.969357
9.49 0.969357
9.5 0.969357
9.51 0.969357
9.52 0.969357
9.53 0.969357
9.54 0.969357
9.55 0.969357
9.56 0.969357
9.57 0.969357
9.58 0.969357
9.59 0.969357
9.6 0.969357
9.61 0.969357
9.62 0.969357
9.63 0.969357
9.64 0.969357
9.65 0.969357
9.66 0.969357
9.67 0.969357
9.68 0.969357
9.69 0.969357
9.7 0.969357
9.71 0.969357
9.72 0.969357
9.73 0.969357
9.74 0.969357
9.75 0.969357
9.76 0.969357
9.77 0.969357
9.78 0.969357
9.79 0.969357
9.8 0.969357
9.81 0.969357
9.82 0.969357
9.83 0.969357
9.84 0.969357
9.85 0.969357
9.86 0.969357
9.87 0.969357
9.88 0.969357
9.89 0.969357
9.9 0.969357
9.91 0.969357
9.92 0.969357
9.93 0.969357
9.94 0.969357
9.95 0.969357
9.96 0.969357
9.97 0.969357
9.98 0.969357
9.99 0.969357
10 0.969357
10.01 0.969357
10.02 0.969357
10.03 0.969357
10.04 0.969357
10.05 0.969357
10.06 0.969357
10.07 0.969357
10.08 0.969357
10.09 0.969357
10.1 0.969357
10.11 0.969357
10.12 0.969357
10.13 0.969357
10.14 0.969357
10.15 0.969357
10.16 0.969357
10.17 0.969357
10.18 0.969357
10.19 0.969357
10.2 0.969357
10.21 0.969357
10.22 0.969357
10.23 0.969357
10.24 0.969357
10.25 0.969357
10.26 0.969357
10.27 0.969357
10.28 0.969357
10.29 0.969357
10.3 0.969357
10.31 0.969357
10.32 0.969357
10.33 0.969357
10.34 0.969357
10.35 0.969357
10.36 0.969357
10.37 0.969357
10.38 0.969357
10.39 0.969357
10.4 0.969357
10.41 0.969357
10.42 0.969357
10.43 0.969357
10.44 0.969357
10.45 0.969357
10.46 0.969357
10.47 0.969357
10.48 0.969357
10.49 0.969357
10.5 0.969357
10.51 0.969357
10.52 0.969357
10.53 0.969357
10.54 0.969357
10.55 0.969357
10.56 0.969357
10.57 0.969357
10.58 0.969357
10.59 0.969357
10.6 0.969357
10.61 0.969357
10.62 0.969357
10.63 0.969357
10.64 0.969357
10.65 0.969357
10.66 0.969357
10.67 0.969357
10.68 0.969357
10.69 0.969357
10.7 0.969357
10.71 0.969357
10.72 0.969357
10.73 0.969357
10.74 0.969357
10.75 0.969357
10.76 0.969357
10.77 0.969357
10.78 0.969357
10.79 0.969357
10.8 0.969357
10.81 0.969357
10.82 0.969357
10.83 0.969357
10.84 0.969357
10.85 0.969357
10.86 0.969357
10.87 0.969357
10.88 0.969357
10.89 0.969357
10.9 0.969357
10.91 0.969357
10.92 0.969357
10.93 0.969357
10.94 0.969357
10.95 0.969357
10.96 0.969357
10.97 0.969357
10.98 0.969357
10.99 0.969357
11 0.969357
11.01 0.969357
11.02 0.969357
11.03 0.969357
11.04 0.969357
11.05 0.969357
11.06 0.969357
11.07 0.969357
11.08 0.969357
11.09 0.969357
11.1 0.969357
11.11 0.969357
11.12 0.969357
11.13 0.969357
11.14 0.969357
11.15 0.969357
11.16 0.969357
11.17 0.969357
11.18 0.969357
11.19 0.969357
11.2 0.969357
11.21 0.969357
11.22 0.969357
11.23 0.969357
11.24 0.969357
11.25 0.969357
11.26 0.969357
11.27 0.969357
11.28 0.969357
11.29 0.969357
11.3 0.969357
11.31 0.969357
11.32 0.969357
11.33 0.969357
11.34 0.969357
11.35 0.969357
11.36 0.969357
11.37 0.969357
11.38 0.969357
11.39 0.969357
11.4 0.969357
11.41 0.969357
11.42 0.969357
11.43 0.969357
11.44 0.969357
11.45 0.969357
11.46 0.969357
11.47 0.969357
11.48 0.969357
11.49 0.969357
11.5 0.969357
11.51 0.969357
11.52 0.969357
11.53 0.969357
11.54 0.969357
11.55 0.969357
11.56 0.969357
11.57 0.969357
11.58 0.969357
11.59 0.969357
11.6 0.969357
11.61 0.969357
11.62 0.969357
11.63 0.969357
11.64 0.969357
11.65 0.969357
11.66 0.969357
11.67 0.969357
11.68 0.969357
11.69 0.969357
11.7 0.969357
11.71 0.969357
11.72 0.969357
11.73 0.969357
11.74 0.969357
11.75 0.969357
11.76 0.969357
11.77 0.969357
11.78 0.969357
11.79 0.969357
11.8 0.969357
11.81 0.969357
11.82 0.969357
11.83 0.969357
11.84 0.969357
11.85 0.969357
11.86 0.969357
11.87 0.969357
11.88 0.969357
11.89 0.969357
11.9 0.969357
11.91 0.969357
11.92 0.969357
11.93 0.969357
11.94 0.969357
11.95 0.969357
11.96 0.969357
11.97 0.969357
11.98 0.969357
11.99 0.969357
12 0.969357
12.01 0.969357
12.02 0.969357
12.03 0.969357
12.04 0.969357
12.05 0.969357
12.06 0.969357
12.07 0.969357
12.08 0.969357
12.09 0.969357
12.1 0.969357
12.11 0.969357
12.12 0.969357
12.13 0.969357
12.14 0.969357
12.15 0.969357
12.16 0.969357
12.17 0.969357
12.18 0.969357
12.19 0.969357
12.2 0.969357
12.21 0.969357
12.22 0.969357
12.23 0.969357
12.24 0.969357
12.25 0.969357
12.26 0.969357
12.27 0.969357
12.28 0.969357
12.29 0.969357
12.3 0.969357
12.31 0.969357
12.32 0.969357
12.33 0.969357
12.34 0.969357
12.35 0.969357
12.36 0.969357
12.37 0.969357
12.38 0.969357
12.39 0.969357
12.4 0.969357
12.41 0.969357
12.42 0.969357
12.43 0.969357
12.44 0.969357
12.45 0.969357
12.46 0.969357
12.47 0.969357
12.48 0.969357
12.49 0.969357
12.5 0.969357
12.51 0.969357
12.52 0.969357
12.53 0.969357
12.54 0.969357
12.55 0.969357
12.56 0.969357
12.57 0.969357
12.58 0.969357
12.59 0.969357
12.6 0.969357
12.61 0.969357
12.62 0.969357
12.63 0.969357
12.64 0.969357
12.65 0.969357
12.66 0.969357
12.67 0.969357
12.68 0.969357
12.69 0.969357
12.7 0.969357
12.71 0.969357
12.72 0.969357
12.73 0.969357
12.74 0.969357
12.75 0.969357
12.76 0.969357
12.77 0.969357
12.78 0.969357
12.79 0.969357
12.8 0.969357
12.81 0.969357
12.82 0.969357
12.83 0.969357
12.84 0.969357
12.85 0.969357
12.86 0.969357
12.87 0.969357
12.88 0.969357
12.89 0.969357
12.9 0.969357
12.91 0.969357
12.92 0.969357
12.93 0.969357
12.94 0.969357
12.95 0.969357
12.96 0.969357
12.97 0.969357
12.98 0.969357
12.99 0.969357
13 0.969357
13.01 0.969357
13.02 0.969357
13.03 0.969357
13.04 0.969357
13.05 0.969357
13.06 0.969357
13.07 0.969357
13.08 0.969357
13.09 0.969357
13.1 0.969357
13.11 0.969357
13.12 0.969357
13.13 0.969357
13.14 0.969357
13.15 0.969357
13.16 0.969357
13.17 0.969357
13.18 0.969357
13.19 0.969357
13.2 0.969357
13.21 0.969357
13.22 0.969357
13.23 0.969357
13.24 0.969357
13.25 0.969357
13.26 0.969357
13.27 0.969357
13.28 0.969357
13.29 0.969357
13.3 0.969357
13.31 0.969357
13.32 0.969357
13.33 0.969357
13.34 0.969357
13.35 0.969357
13.36 0.969357
13.37 0.969357
13.38 0.969357
13.39 0.969357
13.4 0.969357
13.41 0.969357
13.42 0.969357
13.43 0.969357
13.44 0.969357
13.45 0.969357
13.46 0.969357
13.47 0.969357
13.48 0.969357
13.49 0.969357
13.5 0.969357
13.51 0.969357
13.52 0.969357
13.53 0.969357
13.54 0.969357
13.55 0.969357
13.56 0.969357
13.57 0.969357
13.58 0.969357
13.59 0.969357
13.6 0.969357
13.61 0.969357
13.62 0.969357
13.63 0.969357
13.64 0.969357
13.65 0.969357
13.66 0.969357
13.67 0.969357
13.68 0.969357
13.69 0.969357
13.7 0.969357
13.71 0.969357
13.72 0.969357
13.73 0.969357
13.74 0.969357
13.75 0.969357
13.76 0.969357
13.77 0.969357
13.78 0.969357
13.79 0.969357
13.8 0.969357
13.81 0.969357
13.82 0.969357
13.83 0.969357
13.84 0.969357
13.85 0.969357
13.86 0.969357
13.87 0.969357
13.88 0.969357
13.89 0.969357
13.9 0.969357
13.91 0.969357
13.92 0.969357
13.93 0.969357
13.94 0.969357
13.95 0.969357
13.96 0.969357
13.97 0.969357
13.98 0.969357
13.99 0.969357
14 0.969357
14.01 0.969357
14.02 0.969357
14.03 0.969357
14.04 0.969357
14.05 0.969357
14.06 0.969357
14.07 0.969357
14.08 0.969357
14.09 0.969357
14.1 0.969357
14.11 0.969357
14.12 0.969357
14.13 0.969357
14.14 0.969357
14.15 0.969357
14.16 0.969357
14.17 0.969357
14.18 0.969357
14.19 0.969357
14.2 0.969357
14.21 0.969357
14.22 0.969357
14.23 0.969357
14.24 0.969357
14.25 0.969357
14.26 0.969357
14.27 0.969357
14.28 0.969357
14.29 0.969357
14.3 0.969357
14.31 0.969357
14.32 0.969357
14.33 0.969357
14.34 0.969357
14.35 0.969357
14.36 0.969357
14.37 0.969357
14.38 0.969357
14.39 0.969357
14.4 0.969357
14.41 0.969357
14.42 0.969357
14.43 0.969357
14.44 0.969357
14.45 0.969357
14.46 0.969357
14.47 0.969357
14.48 0.969357
14.49 0.969357
14.5 0.969357
14.51 0.969357
14.52 0.969357
14.53 0.969357
14.54 0.969357
14.55 0.969357
14.56 0.969357
14.57 0.969357
14.58 0.969357
14.59 0.969357
14.6 0.969357
14.61 0.969357
14.62 0.969357
14.63 0.969357
14.64 0.969357
14.65 0.969357
14.66 0.969357
14.67 0.969357
14.68 0.969357
14.69 0.969357
14.7 0.969357
14.71 0.969357
14.72 0.969357
14.73 0.969357
14.74 0.969357
14.75 0.969357
14.76 0.969357
14.77 0.969357
14.78 0.969357
14.79 0.969357
14.8 0.969357
14.81 0.969357
14.82 0.969357
14.83 0.969357
14.84 0.969357
14.85 0.969357
14.86 0.969357
14.87 0.969357
14.88 0.969357
14.89 0.969357
14.9 0.969357
14.91 0.969357
14.92 0.969357
14.93 0.969357
14.94 0.969357
14.95 0.969357
14.96 0.969357
14.97 0.969357
14.98 0.969357
14.99 0.969357
15 0.969357
15.01 0.969357
15.02 0.969357
15.03 0.969357
15.04 0.969357
15.05 0.969357
15.06 0.969357
15.07 0.969357
15.08 0.969357
15.09 0.969357
15.1 0.969357
15.11 0.969357
15.12 0.969357
15.13 0.969357
15.14 0.969357
15.15 0.969357
15.16 0.969357
15.17 0.969357
15.18 0.969357
15.19 0.969357
15.2 0.969357
15.21 0.969357
15.22 0.969357
15.23 0.969357
15.24 0.969357
15.25 0.969357
15.26 0.969357
15.27 0.969357
15.28 0.969357
15.29 0.969357
15.3 0.969357
15.31 0.969357
15.32 0.969357
15.33 0.969357
15.34 0.969357
15.35 0.969357
15.36 0.969357
15.37 0.969357
15.38 0.969357
15.39 0.969357
15.4 0.969357
15.41 0.969357
15.42 0.969357
15.43 0.969357
15.44 0.969357
15.45 0.969357
15.46 0.969357
15.47 0.969357
15.48 0.969357
15.49 0.969357
15.5 0.969357
15.51 0.969357
15.52 0.969357
15.53 0.969357
15.54 0.969357
15.55 0.969357
15.56 0.969357
15.57 0.969357
15.58 0.969357
15.59 0.969357
15.6 0.969357
15.61 0.969357
15.62 0.969357
15.63 0.969357
15.64 0.969357
15.65 0.969357
15.66 0.969357
15.67 0.969357
15.68 0.969357
15.69 0.969357
15.7 0.969357
15.71 0.969357
15.72 0.969357
15.73 0.969357
15.74 0.969357
15.75 0.969357
15.76 0.969357
15.77 0.969357
15.78 0.969357
15.79 0.969357
15.8 0.969357
15.81 0.969357
15.82 0.969357
15.83 0.969357
15.84 0.969357
15.85 0.969357
15.86 0.969357
15.87 0.969357
15.88 0.969357
15.89 0.969357
15.9 0.969357
15.91 0.969357
15.92 0.969357
15.93 0.969357
15.94 0.969357
15.95 0.969357
15.96 0.969357
15.97 0.969357
15.98 0.969357
15.99 0.969357
16 0.969357
16.01 0.969357
16.02 0.969357
16.03 0.969357
16.04 0.969357
16.05 0.969357
16.06 0.969357
16.07 0.969357
16.08 0.969357
16.09 0.969357
16.1 0.969357
16.11 0.969357
16.12 0.969357
16.13 0.969357
16.14 0.969357
16.15 0.969357
16.16 0.969357
16.17 0.969357
16.18 0.969357
16.19 0.969357
16.2 0.969357
16.21 0.969357
16.22 0.969357
16.23 0.969357
16.24 0.969357
16.25 0.969357
16.26 0.969357
16.27 0.969357
16.28 0.969357
16.29 0.969357
16.3 0.969357
16.31 0.969357
16.32 0.969357
16.33 0.969357
16.34 0.969357
16.35 0.969357
16.36 0.969357
16.37 0.969357
16.38 0.969357
16.39 0.969357
16.4 0.969357
16.41 0.969357
16.42 0.969357
16.43 0.969357
16.44 0.969357
16.45 0.969357
16.46 0.969357
16.47 0.969357
16.48 0.969357
16.49 0.969357
16.5 0.969357
16.51 0.969357
16.52 0.969357
16.53 0.969357
16.54 0.969357
16.55 0.969357
16.56 0.969357
16.57 0.969357
16.58 0.969357
16.59 0.969357
16.6 0.969357
16.61 0.969357
16.62 0.969357
16.63 0.969357
16.64 0.969357
16.65 0.969357
16.66 0.969357
16.67 0.969357
16.68 0.969357
16.69 0.969357
16.7 0.969357
16.71 0.969357
16.72 0.969357
16.73 0.969357
16.74 0.969357
16.75 0.969357
16.76 0.969357
16.77 0.969357
16.78 0.969357
16.79 0.969357
16.8 0.969357
16.81 0.969357
16.82 0.969357
16.83 0.969357
16.84 0.969357
16.85 0.969357
16.86 0.969357
16.87 0.969357
16.88 0.969357
16.89 0.969357
16.9 0.969357
16.91 0.969357
16.92 0.969357
16.93 0.969357
16.94 0.969357
16.95 0.969357
16.96 0.969357
16.97 0.969357
16.98 0.969357
16.99 0.969357
17 0.969357
17.01 0.969357
17.02 0.969357
17.03 0.969357
17.04 0.969357
17.05 0.969357
17.06 0.969357
17.07 0.969357
17.08 0.969357
17.09 0.969357
17.1 0.969357
17.11 0.969357
17.12 0.969357
17.13 0.969357
17.14 0.969357
17.15 0.969357
17.16 0.969357
17.17 0.969357
17.18 0.969357
17.19 0.969357
17.2 0.969357
17.21 0.969357
17.22 0.969357
17.23 0.969357
17.24 0.969357
17.25 0.969357
17.26 0.969357
17.27 0.969357
17.28 0.969357
17.29 0.969357
17.3 0.969357
17.31 0.969357
17.32 0.969357
17.33 0.969357
17.34 0.969357
17.35 0.969357
17.36 0.969357
17.37 0.969357
17.38 0.969357
17.39 0.969357
17.4 0.969357
17.41 0.969357
17.42 0.969357
17.43 0.969357
17.44 0.969357
17.45 0.969357
17.46 0.969357
17.47 0.969357
17.48 0.969357
17.49 0.969357
17.5 0.969357
17.51 0.969357
17.52 0.969357
17.53 0.969357
17.54 0.969357
17.55 0.969357
17.56 0.969357
17.57 0.969357
17.58 0.969357
17.59 0.969357
17.6 0.969357
17.61 0.969357
17.62 0.969357
17.63 0.969357
17.64 0.969357
17.65 0.969357
17.66 0.969357
17.67 0.969357
17.68 0.969357
17.69 0.969357
17.7 0.969357
17.71 0.969357
17.72 0.969357
17.73 0.969357
17.74 0.969357
17.75 0.969357
17.76 0.969357
17.77 0.969357
17.78 0.969357
17.79 0.969357
17.8 0.969357
17.81 0.969357
17.82 0.969357
17.83 0.969357
17.84 0.969357
17.85 0.969357
17.86 0.969357
17.87 0.969357
17.88 0.969357
17.89 0.969357
17.9 0.969357
17.91 0.969357
17.92 0.969357
17.93 0.969357
17.94 0.969357
17.95 0.969357
17.96 0.969357
17.97 0.969357
17.98 0.969357
17.99 0.969357
18 0.969357
18.01 0.969357
18.02 0.969357
18.03 0.969357
18.04 0.969357
18.05 0.969357
18.06 0.969357
18.07 0.969357
18.08 0.969357
18.09 0.969357
18.1 0.969357
18.11 0.969357
18.12 0.969357
18.13 0.969357
18.14 0.969357
18.15 0.969357
18.16 0.969357
18.17 0.969357
18.18 0.969357
18.19 0.969357
18.2 0.969357
18.21 0.969357
18.22 0.969357
18.23 0.969357
18.24 0.969357
18.25 0.969357
18.26 0.969357
18.27 0.969357
18.28 0.969357
18.29 0.969357
18.3 0.969357
18.31 0.969357
18.32 0.969357
18.33 0.969357
18.34 0.969357
18.35 0.969357
18.36 0.969357
18.37 0.969357
18.38 0.969357
18.39 0.969357
18.4 0.969357
18.41 0.969357
18.42 0.969357
18.43 0.969357
18.44 0.969357
18.45 0.969357
18.46 0.969357
18.47 0.969357
18.48 0.969357
18.49 0.969357
18.5 0.969357
18.51 0.969357
18.52 0.969357
18.53 0.969357
18.54 0.969357
18.55 0.969357
18.56 0.969357
18.57 0.969357
18.58 0.969357
18.59 0.969357
18.6 0.969357
18.61 0.969357
18.62 0.969357
18.63 0.969357
18.64 0.969357
18.65 0.969357
18.66 0.969357
18.67 0.969357
18.68 0.969357
18.69 0.969357
18.7 0.969357
18.71 0.969357
18.72 0.969357
18.73 0.969357
18.74 0.969357
18.75 0.969357
18.76 0.969357
18.77 0.969357
18.78 0.969357
18.79 0.969357
18.8 0.969357
18.81 0.969357
18.82 0.969357
18.83 0.969357
18.84 0.969357
18.85 0.969357
18.86 0.969357
18.87 0.969357
18.88 0.969357
18.89 0.969357
18.9 0.969357
18.91 0.969357
18.92 0.969357
18.93 0.969357
18.94 0.969357
18.95 0.969357
18.96 0.969357
18.97 0.969357
18.98 0.969357
18.99 0.969357
19 0.969357
19.01 0.969357
19.02 0.969357
19.03 0.969357
19.04 0.969357
19.05 0.969357
19.06 0.969357
19.07 0.969357
19.08 0.969357
19.09 0.969357
19.1 0.969357
19.11 0.969357
19.12 0.969357
19.13 0.969357
19.14 0.969357
19.15 0.969357
19.16 0.969357
19.17 0.969357
19.18 0.969357
19.19 0.969357
19.2 0.969357
19.21 0.969357
19.22 0.969357
19.23 0.969357
19.24 0.969357
19.25 0.969357
19.26 0.969357
19.27 0.969357
19.28 0.969357
19.29 0.969357
19.3 0.969357
19.31 0.969357
19.32 0.969357
19.33 0.969357
19.34 0.969357
19.35 0.969357
19.36 0.969357
19.37 0.969357
19.38 0.969357
19.39 0.969357
19.4 0.969357
19.41 0.969357
19.42 0.969357
19.43 0.969357
19.44 0.969357
19.45 0.969357
19.46 0.969357
19.47 0.969357
19.48 0.969357
19.49 0.969357
19.5 0.969357
19.51 0.969357
19.52 0.969357
19.53 0.969357
19.54 0.969357
19.55 0.969357
19.56 0.969357
19.57 0.969357
19.58 0.969357
19.59 0.969357
19.6 0.969357
19.61 0.969357
19.62 0.969357
19.63 0.969357
19.64 0.969357
19.65 0.969357
19.66 0.969357
19.67 0.969357
19.68 0.969357
19.69 0.969357
19.7 0.969357
19.71 0.969357
19.72 0.969357
19.73 0.969357
19.74 0.969357
19.75 0.969357
19.76 0.969357
19.77 0.969357
19.78 0.969357
19.79 0.969357
19.8 0.969357
19.81 0.969357
19.82 0.969357
19.83 0.969357
19.84 0.969357
19.85 0.969357
19.86 0.969357
19.87 0.969357
19.88 0.969357
19.89 0.969357
19.9 0.969357
19.91 0.969357
19.92 0.969357
19.93 0.969357
19.94 0.969357
19.95 0.969357
19.96 0.969357
19.97 0.969357
19.98 0.969357
19.99 0.969357
20 0.969357
20.01 0.969357
20.02 0.969357
20.03 0.969357
20.04 0.969357
20.05 0.969357
20.06 0.969357
20.07 0.969357
20.08 0.969357
20.09 0.969357
